Lasso RELU(params-6000,iter10,h10)


K1=5, K2=10

h_opt: 
2.000000000000000000e+00
2.000000000000000000e+00
1.000000000000000000e+00
1.000000000000000000e+00
1.000000000000000000e+00

h_opt_val:
1.000000000000000000e+00
1.000000000000000000e+00
1.000000000000000000e+00
1.000000000000000000e+00
1.000000000000000000e+00
1.000000000000000000e+00
1.000000000000000000e+00
1.000000000000000000e+00
1.000000000000000000e+00
1.000000000000000000e+00

hidden_units:
1.000000000000000000e+00
3.000000000000000000e+00
5.000000000000000000e+00
7.000000000000000000e+00
9.000000000000000000e+00

lambda opt:
2.682695795279722262e+01
2.787185587783243435e+01
2.996165172790286846e+01
3.205144757797329902e+01
3.100654965293808729e+01
2.682695795279721906e+01
2.682695795279721906e+01
2.682695795279721906e+01
2.682695795279721906e+01
2.682695795279721906e+01
2.682695795279721906e+01
3.727593720314938253e+01
3.727593720314938253e+01
3.727593720314938253e+01
3.727593720314938253e+01
baseline error:

9.502468902954678498e+00
1.008021952595574788e+01
9.166938706826281091e+00
9.400219147894212313e+00
9.864508752442095130e+00



mean_nn_error:
9.358392592748469241e+00
9.439439285796964896e+00
9.710513520177890712e+00
1.015138026185381293e+01
1.047875504844286709e+01
1.072755759993181890e+01
1.076238759385634225e+01
1.099913110469685762e+01
1.159549214367330094e+01



rr_error

1.296938450377731655e+01
1.551758106145865490e+01
1.217486383391574201e+01
1.184334166140497047e+01
1.207399979310054228e+01

nn_error

8.720177947681950315e+00
1.035759669734059862e+01
9.530283335360763886e+00
9.099645523437301264e+00
1.005814024472835122e+01


Lasso RELU(params-5000,iter5,h10)
K1=10, K2=10


h_opt: 
2.000000000000000000e+00
3.000000000000000000e+00
2.000000000000000000e+00
3.000000000000000000e+00
3.000000000000000000e+00
2.000000000000000000e+00
2.000000000000000000e+00
2.000000000000000000e+00
3.000000000000000000e+00
2.000000000000000000e+00



h_opt_val:
2.000000000000000000e+00
2.000000000000000000e+00
2.000000000000000000e+00
2.000000000000000000e+00
2.000000000000000000e+00
2.000000000000000000e+00
2.000000000000000000e+00
2.000000000000000000e+00
2.000000000000000000e+00
2.000000000000000000e+00



hidden_units:
1.000000000000000000e+00
3.000000000000000000e+00
5.000000000000000000e+00
7.000000000000000000e+00
9.000000000000000000e+00



lambda opt:
2.682695795279722262e+01
2.682695795279722262e+01
3.205144757797329902e+01
3.309634550300852140e+01
2.682695795279722262e+01
2.682695795279722262e+01
3.100654965293808729e+01
2.787185587783243435e+01
3.727593720314938253e+01
3.623103927811416725e+01


baseline error:
8.486216830433241043e+00
1.036476882676070588e+01
9.759694251960747025e+00
1.037280403101440918e+01
9.296302154468808254e+00
8.616794968476195749e+00
1.009969186680858044e+01
8.774434009357046094e+00
1.060415333546590411e+01
8.978779671513390070e+00


mean_nn_error:
9.845492645796474207e+00
9.572676906657886065e+00
9.814558099104491617e+00
1.004856957052668420e+01
1.025361342934383302e+01
1.032659491516399797e+01
1.060696363269661369e+01
1.069767996510754315e+01
1.106202601074839720e+01

rr_error:

9.299061737227509283e+00
1.595556193244511967e+01
1.708004866650445663e+01
1.369157179797564616e+01
1.241460714233288698e+01
1.051627930415517120e+01
1.067467971446682284e+01
1.151334941900069886e+01
1.213644542670298421e+01
1.202406322868491273e+01

nn_error:

7.880595919677420902e+00
9.966791257043903229e+00
9.967070565601359178e+00
1.120984630195034804e+01
9.296593232838647580e+00
8.557937696091524771e+00
9.043081840374650682e+00
8.664122769004350744e+00
1.057794016752696109e+01
9.542126278914425441e+00
